 time      lat      lon       T     RH      p      dir   spd  qc
19.9847  40.4402  104.9908  21.97  50.25  844.7   67.97  2.79  1
19.985   40.4402  104.9908  21.96  50.25  844.7   71.83  2.83  1
19.9853  40.4402  104.9908  21.96  50.25  844.7   75.34  2.86  1
19.9856  40.4402  104.9908  21.95  50.25  844.7   78.55  2.87  1
19.9858  40.4402  104.9908  21.95  50.25  844.7   80.45  2.88  1
19.9861  40.4402  104.9908  21.95  50.26  844.71  83.13  2.9   1
19.9864  40.4402  104.9908  21.95  50.27  844.71  84.48  2.92  1
19.9867  40.4402  104.9908  21.96  50.27  844.71  84.91  2.97  1
19.9869  40.4402  104.9908  21.96  50.27  844.71  84.86  3.03  1
19.9872  40.4402  104.9908  21.96  50.26  844.71  84.61  3.16  1
19.9875  40.4402  104.9908  21.95  50.25  844.71  84.35  3.32  1
19.9878  40.4402  104.9908  21.95  50.24  844.71  84.34  3.48  1
19.9881  40.4402  104.9908  21.93  50.23  844.7   84.74  3.61  1
19.9883  40.4402  104.9908  21.93  50.23  844.7   85.15  3.65  1
19.9886  40.4402  104.9908  21.91  50.23  844.7   85.94  3.67  1
19.9889  40.4402  104.9908  21.9   50.24  844.7   86.71  3.65  1
19.9892  40.4402  104.9908  21.89  50.26  844.69  87.37  3.61  1
19.9894  40.4402  104.9908  21.88  50.28  844.69  87.57  3.57  1
19.9897  40.4402  104.9908  21.87  50.31  844.69  87.45  3.52  1
19.99    40.4402  104.9908  21.86  50.34  844.69  86.89  3.45  1
19.9903  40.4402  104.9908  21.85  50.36  844.69  86.03  3.37  1
19.9906  40.4402  104.9908  21.85  50.39  844.69  84.73  3.25  1
19.9908  40.4402  104.9908  21.85  50.41  844.69  83.8   3.16  1
19.9911  40.4402  104.9908  21.86  50.44  844.69  82.31  3.0   1
19.9914  40.4402  104.9908  21.86  50.47  844.69  80.57  2.86  1
19.9917  40.4402  104.9908  21.87  50.5   844.69  78.68  2.76  1
19.9919  40.4402  104.9908  21.87  50.53  844.69  77.57  2.73  1
19.9922  40.4402  104.9908  21.87  50.57  844.7   76.09  2.73  1
19.9925  40.4402  104.9908  21.87  50.61  844.7   75.22  2.79  1
19.9928  40.4402  104.9908  21.87  50.65  844.71  75.05  2.85  1
19.9931  40.4402  104.9908  21.88  50.71  844.71  75.76  2.91  1
19.9933  40.4402  104.9908  21.88  50.76  844.71  76.53  2.93  1
19.9936  40.4402  104.9908  21.9   50.83  844.72  78.36  2.93  1
19.9939  40.4402  104.9908  21.92  50.9   844.72  80.94  2.92  1
19.9942  40.4402  104.9908  21.94  50.98  844.73  83.8   2.92  1
19.9944  40.4402  104.9908  21.96  51.03  844.73  85.49  2.95  1
19.9947  40.4402  104.9908  21.99  51.11  844.74  87.33  3.02  0
19.995   40.4402  104.9908  22.02  51.17  844.75  87.89  3.12  0
19.9953  40.4402  104.9907  22.04  51.23  844.76  87.08  3.25  0
19.9956  40.4401  104.9907  22.06  51.27  844.77  85.8   3.37  0
19.9958  40.4401  104.9906  22.07  51.29  844.78  85.13  3.43  0
19.9961  40.4401  104.9906  22.08  51.31  844.78  85.09  3.49  0
19.9964  40.4401  104.9905  22.08  51.33  844.79  86.33  3.5   0
19.9967  40.4401  104.9905  22.08  51.35  844.79  89.09  3.48  0
19.9969  40.4401  104.9904  22.08  51.37  844.79  91.53  3.47  0
19.9972  40.44    104.9904  22.08  51.41  844.79  95.51  3.45  0
19.9975  40.44    104.9903  22.08  51.45  844.79  98.94  3.45  0
19.9978  40.44    104.9902  22.07  51.49  844.79  101.54 3.45  0
19.9981  40.4399  104.9902  22.07  51.53  844.79  103.14 3.44  0
19.9983  40.4399  104.9901  22.06  51.56  844.78  103.79 3.44  0
